1;1
0.0452666464847;0.660481279796
0.0395675140568;0.602877355656
0.0395675140568;0.602877355656
0.0395675140568;0.602877355656
0.0395675140568;0.602877355656
0.0395675140568;0.602877355656
0.0395675140568;0.602877355656
0.0368768908301;0.5774741315
0.0368768908301;0.5774741315
0.0368768908301;0.5774741315
0.0368768908301;0.5774741315
0.0368768908301;0.5774741315
0.0368768908301;0.5774741315
0.0368768908301;0.5774741315
0.0368768908301;0.5774741315
0.0368768908301;0.5774741315
0.0368758564109;0.5774741315
0.0368758564109;0.5774741315
0.036872371723;0.577455436728
0.036872371723;0.577455436728
0.036872371723;0.577455436728
0.036872371723;0.577455436728
0.036872371723;0.577455436728
0.036872371723;0.577455436728
0.036872371723;0.577455436728
0.0368440411308;0.577264307305
0.0368440411308;0.577264307305
0.0368440411308;0.577264307305
0.0368440411308;0.577264307305
0.0368440411308;0.577264307305
0.0368440411308;0.577264307305
0.0368440411308;0.577264307305
0.0368440411308;0.577264307305
0.0368440411308;0.577264307305
0.0368342141477;0.577264307305
0.0368342141477;0.577264307305
0.0297287656197;0.491424265314
0.0297150218502;0.491170403081
0.0297098380791;0.491170403081
0.0297090778973;0.491170403081
0.0297080805014;0.490957248832
0.029641043603;0.490485313408
0.0296144908758;0.49018818976
0.0250790517597;0.402087928518
0.0250786680171;0.402076645101
0.025078543712;0.401949902389
0.0250627514404;0.401641523411
0.0250614839859;0.401536741405
0.0250127995422;0.401420418851
0.0250127995422;0.401420418851
0.0250080486361;0.401420418851
0.0250061287123;0.401412678614
0.0250061287123;0.401412678614
0.0250061287123;0.401412678614
0.0250061287123;0.401412678614
0.0250061287123;0.401412678614
0.0250061287123;0.401412678614
0.0250061287123;0.401412678614
0.0250061287123;0.401412678614
0.0250061287123;0.401412678614
0.0250051186201;0.401399703887
0.0250044847164;0.401374461628
0.0250041044502;0.401374461628
0.0246130733902;0.387731817026
0.0246130733902;0.387731817026
0.0246126950913;0.387731817026
0.0246126950913;0.387731817026
0.024611161939;0.387713310248
0.0245043890953;0.386360883266
0.0245026487228;0.38620692888
0.0244660995604;0.386076800302
0.0163431084132;0.282270771424
0.00434777135043;0.0998735125768
0.00434299614207;0.0997559279422
0.00388930493669;0.0945210634418
0.00386293553442;0.094379412806
0.00386205617827;0.0941886688922
0.00386068225179;0.0930735328835
0.00384113163668;0.093031011503
0.00382382279888;0.0929087216937
0.0006676858283;0.022145857488
0.0006676858283;0.022145857488
0.0006676858283;0.022145857488
0.0006676858283;0.022145857488
0.0006676858283;0.022145857488
0.0006676858283;0.022145857488
0.00066755774367;0.022145857488
0.000667557908585;0.0221347789608
0.000604743641494;0.0208983907529
0.000604490483346;0.0208983907529
0.000604490483346;0.0208983907529
0.000604490483346;0.0208983907529
0.000604490483346;0.0208983907529
0.000604490483346;0.0208983907529
0.000604490483346;0.0208983907529
0.000604490483346;0.020887441688
0.000603861487256;0.020887441688
0.000603861487256;0.020887441688
0.000603479875449;0.020887441688
0.000603479875449;0.020887441688
0.00038195499487;0.0109055419332
0;0